   63.36  26.95   85.85   75.92  12.82   16.26   36.56    89   77    
   12  34.75  19.43   89.32   42.52    62.72   82.92   97.12   21.32   
   52.42   66 72.82    72.92   82.43    53.63   53.73    63.83  73.93
   78.4781   53.8523   84.8712   83.4061    83.56    46.66  56.76          
   39.1451   53.3214   76.6731   46.5567    47.4899  77.6398
   98.4300   70.6770    3.6938   88.3916    67.8994   44.937 
   63.9619   69.9066  43.9198   83.0578     2                8
   34.5258   82.6090   84.4959   34.9013    12            3.2
   63.6365    41              9.8199     30.3438    4.63         13
   55.9582   19.7075     51.8794   28.2899    45.63      17.44
   39.2719   12.8689     50.3754   51.5392     12             46
   44.1775    1.1784       44.7028   22.4240   78.96         3.5
   9.63          17.16         8                13               46                12
   15              31.6           46              63.75         12                79.6
   93              19               32              15.236     48.5            23.45
   78              19.15         4.175         1.5            48               16
   12.3           46.99        16.36        96.32        16               40
   94               13               73.56        16.13         79.63         6.19
   13.4563     46.91         79.63        6.56          93               78
   16.19          17.863       96.32       46.32        16.325       17.63
   96                13.63         76.32        86.321      16.45         45.11