 78              5.8523   33.4061  39.1451  13.3214  12.86 
 46.6731    26.5567  78.4300  3.6938   88.3916  51.53                             50.6770    43.9619  69.2          23.9198   30.3754   43.23                
 14.1775    1                14.7028  22.4240  64.8712   32.5
 37.8994   34.9376   51.5392  47.4899   77.6398   16.4
 17.8912    46.3236   68.1362  76            79.2326   19.12                           15.236      63.2361    96.1234  93.1151    17.963     45.2
 1.845        6.3236      12.693    30.632      70.362   3.3
 16.96        6.56           74.639    63.12        56.23     10
 46.11         7.5             89.236    17.56         6             20.96
 9.3              89.323      14.69      78.63         9             30.96
 14.2           31.321       15.63       63.469     6.32        12
 6.5             76.4561     79.69      15.9          7.96         45.963
 78.36         79.36         63.45       97.123     3.23          63
 45.2           83.65        17.63         5.98        2                9
 6.325         9.412        15.97         6.23        9                19.963
 93.48         10.323      3.654        17.63       63              10.5
 16.235        16.326     86.15        18.963    19.8          98.23
 20.65          64.39       14.632      32.12       17.19        96.56 
 46.30          69.654     93.232      35.96       19.16       6.3
       
                                                        
                                         
                              